h 0 1 6 64 352 0 0 0 0
h 1 1 3 192 288 0 0 0 0
h 2 1 3 320 352 0 0 1 1
h 3 1 3 448 288 0 0 1 1
h 4 1 3 576 352 0 0 2 2
h 5 1 3 704 288 0 0 2 2
h 6 1 3 832 352 0 0 3 3
h 7 1 3 960 288 0 0 3 3
h 8 1 3 1088 352 0 0 4 4
h 9 1 3 1216 288 0 0 4 4
h 10 1 3 1344 160 0 0 5 5
h 11 1 5 1472 352 0 0 5 5
h 12 1 7 1600 96 0 0 6 6
h 13 1 0 1728 160 0 0 6 6
h 14 1 5 1856 352 0 0 7 7
h 15 1 3 1984 160 0 0 7 7
h 16 1 3 2112 352 0 0 8 8
h 17 1 3 2240 352 0 0 8 8
h 18 1 3 2368 352 0 0 9 9
h 19 1 3 2496 352 0 0 9 9
h 20 1 3 2624 352 0 0 10 10
h 21 1 3 2752 288 0 0 10 10
h 22 1 3 2880 160 0 0 11 11
h 23 1 8 3008 96 0 0 11 11
h 24 1 5 3136 352 0 0 12 12
h 25 1 0 3264 160 0 0 12 12
h 26 1 3 3392 128 0 0 13 13
h 27 1 3 3520 288 0 0 13 13
h 28 1 0 3680 128 0 0 14 14
h 29 1 3 3776 352 0 0 14 14
h 30 1 8 3904 96 0 0 14 15
h 31 1 3 4032 160 0 0 15 15
h 32 1 5 3136 512 1 1 12 12
h 33 1 3 3264 512 1 1 12 12
h 34 1 3 3392 512 1 1 13 13
h 35 1 5 3520 512 1 1 13 13
h 36 1 9 3648 512 1 1 14 14
h 37 1 3 3776 512 1 1 14 14
h 38 1 3 3904 512 1 1 14 15
h 39 1 0 4032 512 1 1 15 15
i 40 1 1251 407 0 0 4 4
i 41 2 1379 202 0 0 5 5
i 42 1 1443 279 0 0 5 5
i 43 2 1506 140 0 0 5 5
i 44 -2 1821 140 0 0 6 7
i 45 -1 1885 279 0 0 7 7
i 46 1 2594 407 0 0 9 10
i 47 2 2786 140 0 0 10 10
i 48 -2 3421 202 0 0 13 13
i 49 -1 3550 407 0 0 13 13
i 50 -2 3166 330 0 0 12 12
i 51 -1 3262 563 1 1 12 12
i 52 -1 3966 627 1 1 15 15
i 53 -2 3806 330 0 0 14 14
i 54 100 3220 416 0 0 12 12
i 55 100 3850 416 0 0 14 14
i 56 -100 3220 480 1 1 12 12
i 57 -100 3850 480 1 1 14 14
s 58 1 -1 3600 352 0 0 13 13
s 59 1 10 3600 384 0 0 13 13
s 60 0 -1 4016 640 1 1 15 15
d 61 0 3088 160 0 0 11 11
p 62 1444 255 -1 0 0 5 5
p 63 1792 190 -1 0 0 6 7
p 64 1920 255 -1 0 0 7 7
b 65 2816 416 5632 32 0 0 0 21
b 66 1424 288 96 32 0 0 5 5
b 67 1664 224 320 32 0 0 5 7
b 68 1952 288 192 32 0 0 7 7
b 69 3056 224 544 32 0 0 10 12
b 70 3072 320 32 160 0 0 11 11
b 71 3376 288 96 32 0 0 12 13
b 72 3680 256 192 32 0 0 13 14
b 73 3648 304 128 64 0 0 13 14
b 74 3662 368 96 64 0 0 13 14
b 75 3822 288 96 32 0 0 14 14
b 76 4112 224 416 32 0 0 15 16
b 77 4528 288 352 32 0 0 16 18
b 78 5456 352 32 32 0 0 20 21
b 79 5568 288 64 32 0 0 21 21
b 80 5616 240 32 320 0 0 21 21
b 81 3296 640 448 32 1 1 11 13
b 82 3296 576 64 32 1 1 12 12
b 83 3616 640 64 32 1 1 13 14
b 84 3856 640 288 32 1 1 14 15
b 85 4064 704 64 32 1 1 15 15
b 86 4000 768 64 32 1 1 15 15
b 87 4088 576 16 224 0 1 15 15
b 88 4088 320 16 160 0 0 15 15
i 89 -2 3870 202 0 0 14 14
i 90 -1 3998 407 0 0 15 15
i 91 -2 4318 140 0 0 16 16
i 92 -1 4382 279 0 0 16 16
i 93 -2 4702 202 0 0 18 18
i 94 -1 4830 407 0 0 18 18
i 95 2 5538 202 0 0 21 21
i 96 1 5474 343 0 0 20 21
s 97 0 12 5488 352 0 0 21 21
d 98 1 4096 160 0 0 15 15
h 99 1 0 4160 288 0 0 15 16
h 100 1 3 4288 160 0 0 16 16
h 101 1 3 4416 224 0 0 16 17
h 102 1 13 4544 160 0 0 17 17
h 103 1 3 4672 352 0 0 17 18
h 104 1 11 4800 288 0 0 18 18
h 105 1 3 4928 352 0 0 18 18
h 106 1 3 5056 352 0 0 19 19
h 107 1 0 5184 288 0 0 19 19
h 108 1 3 5312 352 0 0 20 20
h 109 1 3 5440 288 0 0 20 20
h 110 1 3 5568 288 0 0 21 21
i 111 3 3584 769 1024 32 1 1 11 15
i 112 4 3200 160 0 0 12 12
i 113 4 4200 160 0 0 16 16