h 1 6 64 272
h 1 3 192 208
h 1 3 320 272
h 1 3 448 208
h 1 3 576 272
h 1 3 704 208
h 1 3 832 272
h 1 3 960 208
h 1 3 1088 272
h 1 3 1216 208
h 1 3 1344 80
h 1 5 1472 272
h 1 7 1600 16
h 1 0 1728 80
h 1 5 1856 272
h 1 3 1984 80
h 1 3 2112 272
h 1 3 2240 272
h 1 3 2368 272
h 1 3 2496 272
h 1 3 2624 272
h 1 3 2752 208
h 1 3 2880 80
h 1 8 3008 16
h 1 5 3136 272
h 1 0 3264 80
h 1 3 3392 48
h 1 3 3520 208
h 1 0 3680 48
h 1 3 3776 272
h 1 8 3904 16
h 1 3 4032 80
h 1 5 3136 432
h 1 3 3264 432
h 1 3 3392 432
h 1 5 3520 432
h 1 9 3648 432
h 1 3 3776 432
h 1 3 3904 432
h 1 0 4032 432
i 1 1251 327
i 2 1379 122
i 1 1443 199
i 2 1506 60
i -2 1821 60
i -1 1885 199
i 1 2594 327
i 2 2786 60
i -2 3421 122
i -1 3550 327
i -2 3166 250
i -1 3262 483
i -1 3966 547
i -2 3806 250
i 100 3220 336
i 100 3850 336
i -100 3220 400
i -100 3850 400
s 1 -1 3600 272
s 1 10 3600 304
s 0 -1 4016 560
d 0 3088 80 
p 1444 175 -1
p 1792 110 -1
p 1920 175 -1
b 2816 336 5632 32
b 1424 208 96 32
b 1664 144 320 32
b 1952 208 192 32
b 3056 144 544 32
b 3072 240 32 160
b 3376 208 96 32
b 3680 176 192 32
b 3648 224 128 64
b 3662 288 96 64
b 3822 208 96 32
b 4112 144 416 32
b 4528 208 352 32
b 5456 272 32 32
b 5568 208 64 32
b 5616 160 32 320
b 3296 560 448 32
b 3296 496 64 32
b 3616 560 64 32
b 3856 560 288 32
b 4064 624 64 32
b 4000 688 64 32
b 4088 496 16 224
b 4088 240 16 160
i -2 3870 122
i -1 3998 327
i -2 4318 60
i -1 4382 199
i -2 4702 122
i -1 4830 327
i 2 5538 122
i 1 5474 263
s 0 12 5488 272
d 1 4096 80
h 1 0 4160 208
h 1 3 4288 80
h 1 3 4416 144
h 1 13 4544 80
h 1 3 4672 272
h 1 11 4800 208
h 1 3 4928 272
h 1 3 5056 272
h 1 0 5184 208
h 1 3 5312 272
h 1 3 5440 208
h 1 3 5568 208
i 3 3584 689 1024 32
i 4 3200 80
i 4 4200 80