0 1 100
0

0 4 100
0 1 2 3

0 1 100
4

0 1 100
0

0 4 100
0 5 6 7

0 1 100
4

0 4 100 
4 8 9 10

0 1 100
11

0 2 100
11 12

0 1 100
13

0 2 100
13 14

0 1 100
15

0 4 100
13 16 17 18

0 4 100
11 19 20 21

1 3 100
0 1 2

1 3 100
3 4 5

1 3 100
6 7 8

1 1 120
9

1 1 100
10

1 6 150
11 12 13 11 12 13

3 2 100
0 1

3 2 100
2 3

4 1 100
0

4 1 100
1

4 1 100
2

4 1 100
3

4 3 100
4 5 6

4 1 100
5

4 1 100
6

4 1 100
7

4 1 100
8

4 1 100
9

4 1 100
10
 
5 3 120
0 1 2

8 2 100
0 1

8 1 100
2

8 3 100
3 4 5

8 1 100
5

8 3 100
6 7 8

8 1 100
11

8 2 100
11 10

8 1 300
9

8 1 100
12

9 1 100
0

9 3 500
0 1 2

9 1 100
2

9 3 500
2 1 0

10 1 100
0

10 1 100
1