h 0 1 6 64 272 0 0 0 0
h 1 1 3 192 208 0 0 0 0
h 2 1 3 320 272 0 0 1 1
h 3 1 3 448 208 0 0 1 1
h 4 1 3 576 272 0 0 2 2
h 5 1 3 704 208 0 0 2 2
h 6 1 3 832 272 0 0 3 3
h 7 1 3 960 208 0 0 3 3
h 8 1 3 1088 272 0 0 4 4
h 9 1 3 1216 208 0 0 4 4
h 10 1 3 1344 80 0 0 5 5
h 11 1 5 1472 272 0 0 5 5
h 12 1 7 1600 16 0 0 6 6
h 13 1 0 1728 80 0 0 6 6
h 14 1 5 1856 272 0 0 7 7
h 15 1 3 1984 80 0 0 7 7
h 16 1 3 2112 272 0 0 8 8
h 17 1 3 2240 272 0 0 8 8
h 18 1 3 2368 272 0 0 9 9
h 19 1 3 2496 272 0 0 9 9
h 20 1 3 2624 272 0 0 10 10
h 21 1 3 2752 208 0 0 10 10
h 22 1 3 2880 80 0 0 11 11
h 23 1 8 3008 16 0 0 11 11
h 24 1 5 3136 272 0 0 12 12
h 25 1 0 3264 80 0 0 12 12
h 26 1 3 3392 48 0 0 13 13
h 27 1 3 3520 208 0 0 13 13
h 28 1 0 3680 48 0 0 14 14
h 29 1 3 3776 272 0 0 14 14
h 30 1 8 3904 16 0 0 15 15
h 31 1 3 4032 80 0 0 15 15
h 32 1 5 3136 432 1 1 12 12
h 33 1 3 3264 432 1 1 12 12
h 34 1 3 3392 432 1 1 13 13
h 35 1 5 3520 432 1 1 13 13
h 36 1 9 3648 432 1 1 14 14
h 37 1 3 3776 432 1 1 14 14
h 38 1 3 3904 432 1 1 15 15
h 39 1 0 4032 432 1 1 15 15
i 40 1 1251 327 0 0 4 4
i 41 2 1379 122 0 0 5 5
i 42 1 1443 199 0 0 5 5
i 43 2 1506 60 0 0 5 5
i 44 -2 1821 60 0 0 7 7
i 45 -1 1885 199 0 0 7 7
i 46 1 2594 327 0 0 10 10
i 47 2 2786 60 0 0 10 10
i 48 -2 3421 122 0 0 13 13
i 49 -1 3550 327 0 0 13 13
i 50 -2 3166 250 0 0 12 12
i 51 -1 3262 483 1 1 12 12
i 52 -1 3966 547 1 1 15 15
i 53 -2 3806 250 0 0 14 14
i 54 100 3220 336 0 0 12 12
i 55 100 3850 336 0 0 14 15
i 56 -100 3220 400 1 1 12 12
i 57 -100 3850 400 1 1 14 15
s 58 1 -1 3600 272 0 0 14 14
s 59 1 10 3600 304 0 0 14 14
s 60 0 -1 4016 560 1 1 15 15
d 61 0 3088 80 0 0 11 12
p 62 1444 175 -1 0 0 5 5
p 63 1792 110 -1 0 0 6 7
p 64 1920 175 -1 0 0 7 7
b 65 2816 336 5632 32 0 0 0 22
b 66 1424 208 96 32 0 0 5 5
b 67 1664 144 320 32 0 0 5 7
b 68 1952 208 192 32 0 0 7 8
b 69 3056 144 544 32 0 0 10 13
b 70 3072 240 32 160 0 0 11 12
b 71 3376 208 96 32 0 0 13 13
b 72 3680 176 192 32 0 0 14 14
b 73 3648 224 128 64 0 0 14 14
b 74 3662 288 96 64 0 0 14 14
b 75 3822 208 96 32 0 0 14 15
b 76 4112 144 416 32 0 0 15 16
b 77 4528 208 352 32 0 0 17 18
b 78 5456 272 32 32 0 0 21 21
b 79 5568 208 64 32 0 0 21 21
b 80 5616 160 32 320 0 0 21 22
b 81 3296 560 448 32 1 1 12 13
b 82 3296 496 64 32 1 1 12 13
b 83 3616 560 64 32 1 1 14 14
b 84 3856 560 288 32 1 1 14 15
b 85 4064 624 64 32 1 1 15 16
b 86 4000 688 64 32 1 1 15 15
b 87 4088 496 16 224 0 1 15 16
b 88 4088 240 16 160 0 0 15 16
i 89 -2 3870 122 0 0 15 15
i 90 -1 3998 327 0 0 15 15
i 91 -2 4318 60 0 0 16 16
i 92 -1 4382 199 0 0 17 17
i 93 -2 4702 122 0 0 18 18
i 94 -1 4830 327 0 0 18 18
i 95 2 5538 122 0 0 21 21
i 96 1 5474 263 0 0 21 21
s 97 0 12 5488 272 0 0 21 21
d 98 1 4096 80 0 0 15 16
h 99 1 0 4160 208 0 0 16 16
h 100 1 3 4288 80 0 0 16 16
h 101 1 3 4416 144 0 0 17 17
h 102 1 13 4544 80 0 0 17 17
h 103 1 3 4672 272 0 0 18 18
h 104 1 11 4800 208 0 0 18 18
h 105 1 3 4928 272 0 0 19 19
h 106 1 3 5056 272 0 0 19 19
h 107 1 0 5184 208 0 0 20 20
h 108 1 3 5312 272 0 0 20 20
h 109 1 3 5440 208 0 0 21 21
h 110 1 3 5568 208 0 0 21 21
i 111 3 3584 689 1024 32 1 1 12 16