0 0 22
0 2 60 64
60 2 120 64
120 2 180 64
180 2 240 64
240 1 300 47
300 2 360 64
360 2 420 64
420 2 480 64
420 67 480 113
0 133 60 179
60 133 120 179
240 66 300 132
300 66 360 132
120 66 180 132
180 66 240 132
0 66 60 132
120 132 180 198
180 132 240 198
240 132 300 198
300 132 360 198
360 132 420 198
420 132 480 198

0 21 1
0 0 64 68

0 0 1
60 66 120 132

4 5 1
16 0 40 20

4 5 1
130 0 162 32

4 5 1
162 0 194 18

4 5 1
0 0 16 16

4 5 1
40 0 70 30

4 5 1
70 0 100 30

4 5 1
100 0 130 30

4 5 1
30 32 62 64

4 5 1
224 0 256 32

4 5 1
194 0 224 32

4 5 1
62 32 94 58

4 5 1
256 0 286 32

4 5 1
94 32 121 60

4 5 1
286 0 312 32

4 5 2
234 34 258 62
259 32 286 64

11 24 1
0 0 520 80

11 26 3
0 0 11 18
11 0 22 18
22 0 33 18

12 25 13 3

13 27 1
0 0 514 450

13 28 1
0 0 512 448

15 31 1
0 0 64 28

16 30 2
0 0 16 16
16 0 32 16

17 29 15
0 0 158 123
158 0 316 123
316 0 474 123
474 0 632 123
632 0 790 123
0 123 158 246
158 123 316 246
316 123 474 246
474 123 632 246
632 123 790 246
0 246 158 369
158 246 316 369
316 246 474 369
474 246 632 369
632 246 790 369
