0 0 16
0 2 60 64
60 2 120 64
120 2 180 64
180 2 240 64
240 1 300 47
300 2 360 64
360 2 420 64
420 2 480 64
420 67 480 113
0 133 60 179
60 133 120 179
240 66 300 132
300 66 360 132
120 66 180 132
180 66 240 132
0 66 60 132

1 1 9
136 18 152 64
280 12 312 50
352 16 396 32
136 86 152 134
280 80 312 118
352 90 396 102
136 154 152 202
280 148 312 186
320 158 395 170

1 4 1
0 0 32 18

3 3 2
0 0 32 64
32 0 64 64

4 5 1
16 0 40 20

4 5 1
130 0 162 32

4 5 1
162 0 194 18

5 6 3
18 10 24 36
58 12 70 36
98 6 114 36

2 2 49
0 0 32 32
32 0 64 32
64 0 96 32
96 0 128 32
128 0 160 32
160 0 192 32
192 0 224 32
224 0 256 32
256 0 288 32
288 0 320 32
320 0 352 32
352 0 384 32
384 0 416 32
416 0 448 32
448 0 480 32
480 0 512 32
512 0 544 32
544 0 576 32
576 0 608 32
608 0 640 32
640 0 672 32
672 0 704 32
704 0 736 32
736 0 768 32
768 0 800 32
800 0 832 32
832 0 864 32
864 0 896 32
896 0 928 32
928 0 960 32
960 0 992 32
992 0 1024 32
1024 0 1056 32
1056 0 1088 32
1088 0 1120 32
1120 0 1152 32
1152 0 1184 32
1184 0 1216 32
1216 0 1248 32
1248 0 1280 32
1280 0 1312 32
1312 0 1344 32
1344 0 1376 32
1376 0 1408 32
1408 0 1440 32
1440 0 1472 32
1472 0 1504 32
1504 0 1536 32
1536 0 1568 32

5 7 1
0 0 16 20

8 9 2
0 0 34 64
34 0 68 64

8 10 4
0 0 64 32
64 0 128 32	
128 0 192 32
192 0 256 32

9 11 3
0 0 48 96
48 0 96 96
96 0 144 96
