0 0 22
0 2 60 64
60 2 120 64
120 2 180 64
180 2 240 64
240 1 300 47
300 2 360 64
360 2 420 64
420 2 480 64
420 67 480 113
0 133 60 179
60 133 120 179
240 66 300 132
300 66 360 132
120 66 180 132
180 66 240 132
0 66 60 132
120 132 180 198
180 132 240 198
240 132 300 198
300 132 360 198
360 132 420 198
420 132 480 198

0 21 1
0 0 64 68

1 1 9
136 18 152 64
280 12 312 50
352 16 396 32
136 86 152 134
280 80 312 118
352 90 396 102
136 154 152 202
280 148 312 186
320 158 395 170

1 4 1
0 0 32 18

1 14 4
0 0 32 26
32 0 64 26
64 0 96 26
96 0 128 26

3 3 2
0 0 32 64
32 0 64 64

3 3 2
64 0 80 32
80 0 96 32

4 5 1
16 0 40 20

4 5 1
130 0 162 32

4 5 1
162 0 194 18

4 5 1
0 0 16 16

4 5 1
40 0 70 30

4 5 1
70 0 100 30

4 5 1
100 0 130 30

4 5 1
30 32 62 64

4 5 1
224 0 256 32

4 5 1
194 0 224 32

4 5 1
62 32 94 58

5 6 3
18 10 24 36
58 12 70 36
98 6 114 36

5 7 1
0 0 16 20

5 12 1
0 0 64 18

5 13 1
0 0 64 18

2 2 49 32 32